Test started! Running 1:4086 ratio
20109.11
19818.72
20200.00
16784.24
20227.72
20409.59
18730.69
20401.60
18157.68
19633.86
18951.53
18856.16
20015.98
18875.12
20207.72
18827.42
19341.56
20081.92
18074.80
20303.18
19547.43
19076.69
19734.98
18869.18
20409.59
19377.23
18084.49
20177.23
19109.45
19514.49
20379.24
18222.22
19963.04
19765.05
19083.50
20125.62
18263.16
20048.32
19873.38
18787.43
18402.38
19690.34
19977.14
20308.15
18726.55
19842.63
18752.49
19630.59
19950.15
19593.07
18494.53
19832.50
19672.29
19418.97
20128.08
19690.34
19079.68
19088.47
19759.41
18491.00
20226.73
19908.18
18925.89
19569.60
Test complete!
Test started! Running 2:2048 ratio
0.00
0.00
0.00
0.00
0.00
0.00
0.00
0.00
0.00
0.00
0.00
0.00
0.00
0.00
0.00
0.00
0.00
0.00
0.00
0.00
0.00
0.00
0.00
0.00
0.00
0.00
0.00
0.00
0.00
0.00
0.00
0.00
0.00
0.00
0.00
0.00
0.00
0.00
0.00
0.00
0.00
0.00
0.00
0.00
0.00
0.00
0.00
0.00
0.00
0.00
0.00
0.00
0.00
0.00
0.00
0.00
0.00
0.00
0.00
0.00
0.00
0.00
0.00
0.00
Test complete!
Test started! Running 4:1024 ratio
12566.67
20414.76
19418.49
20277.23
20337.64
17208.54
20410.59
19316.10
19376.48
20177.34
19886.70
18391.43
19280.04
19971.17
19788.39
19319.36
20160.04
18175.37
20183.43
19740.41
19447.42
19850.50
17933.99
19928.08
20262.16
19600.80
20376.12
17901.69
20335.32
19012.94
19955.04
19329.01
19093.78
19954.55
20217.18
18972.44
20295.34
18395.23
19622.38
19328.42
20439.12
19948.21
18822.60
19937.06
18717.39
20123.89
20195.27
18507.49
19444.78
19104.33
19956.56
19753.25
19001.00
20355.86
18708.17
19117.59
20236.17
18971.14
20174.38
19180.91
20120.55
20153.01
18725.57
19383.23
19217.05
Test complete!
Test started! Running 8:512 ratio
0.00
20277.23
20237.15
20257.17
16274.08
20337.64
20455.54
19311.94
20107.57
20261.90
20367.16
17627.24
19371.17
19648.35
20349.60
19685.04
20036.53
18873.89
20362.64
17697.63
19996.02
19812.25
19104.95
20131.16
18128.21
20418.74
19246.28
19428.43
19828.20
19962.04
18585.49
19155.07
19733.93
19965.31
19442.80
18628.09
18980.28
19905.28
20067.00
19906.47
20239.84
18140.04
19889.55
19384.23
20201.39
18078.84
20389.00
19762.61
18967.46
20166.83
20194.66
20449.55
19378.97
18415.67
19043.56
20324.73
20357.85
19584.83
18604.56
19900.10
19121.30
19999.00
19849.06
19581.28
18951.20
Test complete!
